Grading at Mon 25 Oct 2021 03:22:14 PM UTC
Attempting to compile retirement.c
Checking for struct _retire_info
Found on line 4, column 1 
Checking for field int months
Found on line 5, column 3 
Checking for field double contribution
Found on line 6, column 3 
Checking for field double rate_of_return
Found on line 7, column 3 
Checking for typedef of struct _retire_info to retire_info
Found on line 9, column 1 
Checking for void retirement (int startAge, double initial,  retire_info working,  retire_info retired)
Found on line 21, column 1 
Checking for int main(void)
Found on line 27, column 1 
Trying to run retirement calculator..
Your file matched the expected output
Removing your main() and replacing it with our own to run more tests...
                |         Working              |        Retired         
 Age | Initial  | Saving  |   Rate    | Months | Spending |   Rate    | Months | Result
 240 |     0.00 | 1234.00 | 0.0026700 |   597  | -3567.00 | 0.0000500 |   216  | Correct
 240 |     0.00 | 1234.00 | 0.0026700 |   597  | -3567.00 | 0.0000500 |   377  | Correct
 240 |     0.00 | 1234.00 | 0.0026700 |   597  | -3567.00 | 0.0047600 |   225  | Correct
 240 |     0.00 | 1234.00 | 0.0026700 |   597  | -3567.00 | 0.0047600 |   387  | Correct
 240 |     0.00 | 1234.00 | 0.0026700 |   597  | -6534.00 | 0.0004700 |   223  | Correct
 240 |     0.00 | 1234.00 | 0.0026700 |   597  | -6534.00 | 0.0004700 |   383  | Correct
 240 |     0.00 | 1234.00 | 0.0026700 |   597  | -6534.00 | 0.0044000 |   204  | Correct
 240 |     0.00 | 1234.00 | 0.0026700 |   597  | -6534.00 | 0.0044000 |   392  | Correct
 240 |     0.00 | 1234.00 | 0.0026700 |   603  | -3567.00 | 0.0009700 |   220  | Correct
 240 |     0.00 | 1234.00 | 0.0026700 |   603  | -3567.00 | 0.0009700 |   377  | Correct
 240 |     0.00 | 1234.00 | 0.0026700 |   603  | -3567.00 | 0.0049400 |   216  | Correct
 240 |     0.00 | 1234.00 | 0.0026700 |   603  | -3567.00 | 0.0049400 |   389  | Correct
 240 |     0.00 | 1234.00 | 0.0026700 |   603  | -6534.00 | 0.0000500 |   225  | Correct
 240 |     0.00 | 1234.00 | 0.0026700 |   603  | -6534.00 | 0.0000500 |   390  | Correct
 240 |     0.00 | 1234.00 | 0.0026700 |   603  | -6534.00 | 0.0044200 |   206  | Correct
 240 |     0.00 | 1234.00 | 0.0026700 |   603  | -6534.00 | 0.0044200 |   395  | Correct
 240 |     0.00 | 1234.00 | 0.0056700 |   597  | -3567.00 | 0.0006200 |   206  | Correct
 240 |     0.00 | 1234.00 | 0.0056700 |   597  | -3567.00 | 0.0006200 |   375  | Correct
 240 |     0.00 | 1234.00 | 0.0056700 |   597  | -3567.00 | 0.0042300 |   211  | Correct
 240 |     0.00 | 1234.00 | 0.0056700 |   597  | -3567.00 | 0.0042300 |   375  | Correct
 240 |     0.00 | 1234.00 | 0.0056700 |   597  | -6534.00 | 0.0001700 |   204  | Correct
 240 |     0.00 | 1234.00 | 0.0056700 |   597  | -6534.00 | 0.0001700 |   399  | Correct
 240 |     0.00 | 1234.00 | 0.0056700 |   597  | -6534.00 | 0.0045100 |   232  | Correct
 240 |     0.00 | 1234.00 | 0.0056700 |   597  | -6534.00 | 0.0045100 |   372  | Correct
 240 |     0.00 | 1234.00 | 0.0056700 |   606  | -3567.00 | 0.0009000 |   222  | Correct
 240 |     0.00 | 1234.00 | 0.0056700 |   606  | -3567.00 | 0.0009000 |   375  | Correct
 240 |     0.00 | 1234.00 | 0.0056700 |   606  | -3567.00 | 0.0043100 |   232  | Correct
 240 |     0.00 | 1234.00 | 0.0056700 |   606  | -3567.00 | 0.0043100 |   392  | Correct
 240 |     0.00 | 1234.00 | 0.0056700 |   606  | -6534.00 | 0.0008500 |   207  | Correct
 240 |     0.00 | 1234.00 | 0.0056700 |   606  | -6534.00 | 0.0008500 |   386  | Correct
 240 |     0.00 | 1234.00 | 0.0056700 |   606  | -6534.00 | 0.0046400 |   224  | Correct
 240 |     0.00 | 1234.00 | 0.0056700 |   606  | -6534.00 | 0.0046400 |   395  | Correct
 240 |     0.00 | 3346.00 | 0.0026700 |   597  | -3567.00 | 0.0001600 |   210  | Correct
 240 |     0.00 | 3346.00 | 0.0026700 |   597  | -3567.00 | 0.0001600 |   401  | Correct
 240 |     0.00 | 3346.00 | 0.0026700 |   597  | -3567.00 | 0.0043600 |   224  | Correct
 240 |     0.00 | 3346.00 | 0.0026700 |   597  | -3567.00 | 0.0043600 |   396  | Correct
 240 |     0.00 | 3346.00 | 0.0026700 |   597  | -6534.00 | 0.0008000 |   208  | Correct
 240 |     0.00 | 3346.00 | 0.0026700 |   597  | -6534.00 | 0.0008000 |   378  | Correct
 240 |     0.00 | 3346.00 | 0.0026700 |   597  | -6534.00 | 0.0045600 |   233  | Correct
 240 |     0.00 | 3346.00 | 0.0026700 |   597  | -6534.00 | 0.0045600 |   380  | Correct
 240 |     0.00 | 3346.00 | 0.0026700 |   589  | -3567.00 | 0.0003600 |   229  | Correct
 240 |     0.00 | 3346.00 | 0.0026700 |   589  | -3567.00 | 0.0003600 |   374  | Correct
 240 |     0.00 | 3346.00 | 0.0026700 |   589  | -3567.00 | 0.0044000 |   217  | Correct
 240 |     0.00 | 3346.00 | 0.0026700 |   589  | -3567.00 | 0.0044000 |   391  | Correct
 240 |     0.00 | 3346.00 | 0.0026700 |   589  | -6534.00 | 0.0008200 |   222  | Correct
 240 |     0.00 | 3346.00 | 0.0026700 |   589  | -6534.00 | 0.0008200 |   395  | Correct
 240 |     0.00 | 3346.00 | 0.0026700 |   589  | -6534.00 | 0.0043800 |   223  | Correct
 240 |     0.00 | 3346.00 | 0.0026700 |   589  | -6534.00 | 0.0043800 |   401  | Correct
 240 |     0.00 | 3346.00 | 0.0056700 |   597  | -3567.00 | 0.0009900 |   214  | Correct
 240 |     0.00 | 3346.00 | 0.0056700 |   597  | -3567.00 | 0.0009900 |   409  | Correct
 240 |     0.00 | 3346.00 | 0.0056700 |   597  | -3567.00 | 0.0040700 |   223  | Correct
 240 |     0.00 | 3346.00 | 0.0056700 |   597  | -3567.00 | 0.0040700 |   379  | Correct
 240 |     0.00 | 3346.00 | 0.0056700 |   597  | -6534.00 | 0.0001600 |   233  | Correct
 240 |     0.00 | 3346.00 | 0.0056700 |   597  | -6534.00 | 0.0001600 |   387  | Correct
 240 |     0.00 | 3346.00 | 0.0056700 |   597  | -6534.00 | 0.0040500 |   227  | Correct
 240 |     0.00 | 3346.00 | 0.0056700 |   597  | -6534.00 | 0.0040500 |   375  | Correct
 240 |     0.00 | 3346.00 | 0.0056700 |   611  | -3567.00 | 0.0009500 |   224  | Correct
 240 |     0.00 | 3346.00 | 0.0056700 |   611  | -3567.00 | 0.0009500 |   393  | Correct
 240 |     0.00 | 3346.00 | 0.0056700 |   611  | -3567.00 | 0.0047000 |   230  | Correct
 240 |     0.00 | 3346.00 | 0.0056700 |   611  | -3567.00 | 0.0047000 |   371  | Correct
 240 |     0.00 | 3346.00 | 0.0056700 |   611  | -6534.00 | 0.0007600 |   224  | Correct
 240 |     0.00 | 3346.00 | 0.0056700 |   611  | -6534.00 | 0.0007600 |   374  | Correct
 240 |     0.00 | 3346.00 | 0.0056700 |   611  | -6534.00 | 0.0045200 |   206  | Correct
 240 |     0.00 | 3346.00 | 0.0056700 |   611  | -6534.00 | 0.0045200 |   408  | Correct
 240 | 11288.87 | 1234.00 | 0.0026700 |   597  | -3567.00 | 0.0004000 |   223  | Correct
 240 | 11288.87 | 1234.00 | 0.0026700 |   597  | -3567.00 | 0.0004000 |   397  | Correct
 240 | 11288.87 | 1234.00 | 0.0026700 |   597  | -3567.00 | 0.0042400 |   204  | Correct
 240 | 11288.87 | 1234.00 | 0.0026700 |   597  | -3567.00 | 0.0042400 |   403  | Correct
 240 | 11288.87 | 1234.00 | 0.0026700 |   597  | -6534.00 | 0.0003800 |   229  | Correct
 240 | 11288.87 | 1234.00 | 0.0026700 |   597  | -6534.00 | 0.0003800 |   389  | Correct
 240 | 11288.87 | 1234.00 | 0.0026700 |   597  | -6534.00 | 0.0043700 |   205  | Correct
 240 | 11288.87 | 1234.00 | 0.0026700 |   597  | -6534.00 | 0.0043700 |   371  | Correct
 240 | 11288.87 | 1234.00 | 0.0026700 |   597  | -3567.00 | 0.0007800 |   217  | Correct
 240 | 11288.87 | 1234.00 | 0.0026700 |   597  | -3567.00 | 0.0007800 |   387  | Correct
 240 | 11288.87 | 1234.00 | 0.0026700 |   597  | -3567.00 | 0.0042300 |   205  | Correct
 240 | 11288.87 | 1234.00 | 0.0026700 |   597  | -3567.00 | 0.0042300 |   398  | Correct
 240 | 11288.87 | 1234.00 | 0.0026700 |   597  | -6534.00 | 0.0002000 |   213  | Correct
 240 | 11288.87 | 1234.00 | 0.0026700 |   597  | -6534.00 | 0.0002000 |   377  | Correct
 240 | 11288.87 | 1234.00 | 0.0026700 |   597  | -6534.00 | 0.0042200 |   217  | Correct
 240 | 11288.87 | 1234.00 | 0.0026700 |   597  | -6534.00 | 0.0042200 |   388  | Correct
 240 | 11288.87 | 1234.00 | 0.0056700 |   597  | -3567.00 | 0.0005700 |   216  | Correct
 240 | 11288.87 | 1234.00 | 0.0056700 |   597  | -3567.00 | 0.0005700 |   381  | Correct
 240 | 11288.87 | 1234.00 | 0.0056700 |   597  | -3567.00 | 0.0047300 |   207  | Correct
 240 | 11288.87 | 1234.00 | 0.0056700 |   597  | -3567.00 | 0.0047300 |   391  | Correct
 240 | 11288.87 | 1234.00 | 0.0056700 |   597  | -6534.00 | 0.0007200 |   219  | Correct
 240 | 11288.87 | 1234.00 | 0.0056700 |   597  | -6534.00 | 0.0007200 |   370  | Correct
 240 | 11288.87 | 1234.00 | 0.0056700 |   597  | -6534.00 | 0.0043200 |   204  | Correct
 240 | 11288.87 | 1234.00 | 0.0056700 |   597  | -6534.00 | 0.0043200 |   397  | Correct
 240 | 11288.87 | 1234.00 | 0.0056700 |   602  | -3567.00 | 0.0003500 |   210  | Correct
 240 | 11288.87 | 1234.00 | 0.0056700 |   602  | -3567.00 | 0.0003500 |   384  | Correct
 240 | 11288.87 | 1234.00 | 0.0056700 |   602  | -3567.00 | 0.0049400 |   228  | Correct
 240 | 11288.87 | 1234.00 | 0.0056700 |   602  | -3567.00 | 0.0049400 |   376  | Correct
 240 | 11288.87 | 1234.00 | 0.0056700 |   602  | -6534.00 | 0.0001200 |   205  | Correct
 240 | 11288.87 | 1234.00 | 0.0056700 |   602  | -6534.00 | 0.0001200 |   371  | Correct
 240 | 11288.87 | 1234.00 | 0.0056700 |   602  | -6534.00 | 0.0041900 |   220  | Correct
 240 | 11288.87 | 1234.00 | 0.0056700 |   602  | -6534.00 | 0.0041900 |   408  | Correct
 240 | 11288.87 | 3202.00 | 0.0026700 |   597  | -3567.00 | 0.0003600 |   231  | Correct
 240 | 11288.87 | 3202.00 | 0.0026700 |   597  | -3567.00 | 0.0003600 |   409  | Correct
 240 | 11288.87 | 3202.00 | 0.0026700 |   597  | -3567.00 | 0.0047200 |   206  | Correct
 240 | 11288.87 | 3202.00 | 0.0026700 |   597  | -3567.00 | 0.0047200 |   400  | Correct
 240 | 11288.87 | 3202.00 | 0.0026700 |   597  | -6534.00 | 0.0003900 |   213  | Correct
 240 | 11288.87 | 3202.00 | 0.0026700 |   597  | -6534.00 | 0.0003900 |   405  | Correct
 240 | 11288.87 | 3202.00 | 0.0026700 |   597  | -6534.00 | 0.0046300 |   205  | Correct
 240 | 11288.87 | 3202.00 | 0.0026700 |   597  | -6534.00 | 0.0046300 |   396  | Correct
 240 | 11288.87 | 3202.00 | 0.0026700 |   591  | -3567.00 | 0.0004100 |   232  | Correct
 240 | 11288.87 | 3202.00 | 0.0026700 |   591  | -3567.00 | 0.0004100 |   394  | Correct
 240 | 11288.87 | 3202.00 | 0.0026700 |   591  | -3567.00 | 0.0043000 |   217  | Correct
 240 | 11288.87 | 3202.00 | 0.0026700 |   591  | -3567.00 | 0.0043000 |   372  | Correct
 240 | 11288.87 | 3202.00 | 0.0026700 |   591  | -6534.00 | 0.0008500 |   227  | Correct
 240 | 11288.87 | 3202.00 | 0.0026700 |   591  | -6534.00 | 0.0008500 |   374  | Correct
 240 | 11288.87 | 3202.00 | 0.0026700 |   591  | -6534.00 | 0.0043000 |   230  | Correct
 240 | 11288.87 | 3202.00 | 0.0026700 |   591  | -6534.00 | 0.0043000 |   381  | Correct
 240 | 11288.87 | 3202.00 | 0.0056700 |   597  | -3567.00 | 0.0006100 |   207  | Correct
 240 | 11288.87 | 3202.00 | 0.0056700 |   597  | -3567.00 | 0.0006100 |   394  | Correct
 240 | 11288.87 | 3202.00 | 0.0056700 |   597  | -3567.00 | 0.0049300 |   233  | Correct
 240 | 11288.87 | 3202.00 | 0.0056700 |   597  | -3567.00 | 0.0049300 |   388  | Correct
 240 | 11288.87 | 3202.00 | 0.0056700 |   597  | -6534.00 | 0.0000000 |   221  | Correct
 240 | 11288.87 | 3202.00 | 0.0056700 |   597  | -6534.00 | 0.0000000 |   407  | Correct
 240 | 11288.87 | 3202.00 | 0.0056700 |   597  | -6534.00 | 0.0049300 |   216  | Correct
 240 | 11288.87 | 3202.00 | 0.0056700 |   597  | -6534.00 | 0.0049300 |   407  | Correct
 240 | 11288.87 | 3202.00 | 0.0056700 |   597  | -3567.00 | 0.0001800 |   219  | Correct
 240 | 11288.87 | 3202.00 | 0.0056700 |   597  | -3567.00 | 0.0001800 |   375  | Correct
 240 | 11288.87 | 3202.00 | 0.0056700 |   597  | -3567.00 | 0.0040400 |   213  | Correct
 240 | 11288.87 | 3202.00 | 0.0056700 |   597  | -3567.00 | 0.0040400 |   375  | Correct
 240 | 11288.87 | 3202.00 | 0.0056700 |   597  | -6534.00 | 0.0007900 |   227  | Correct
 240 | 11288.87 | 3202.00 | 0.0056700 |   597  | -6534.00 | 0.0007900 |   399  | Correct
 240 | 11288.87 | 3202.00 | 0.0056700 |   597  | -6534.00 | 0.0045700 |   220  | Correct
 240 | 11288.87 | 3202.00 | 0.0056700 |   597  | -6534.00 | 0.0045700 |   397  | Correct
 345 |     0.00 | 1234.00 | 0.0026700 |   597  | -3567.00 | 0.0008200 |   204  | Correct
 345 |     0.00 | 1234.00 | 0.0026700 |   597  | -3567.00 | 0.0008200 |   401  | Correct
 345 |     0.00 | 1234.00 | 0.0026700 |   597  | -3567.00 | 0.0048500 |   222  | Correct
 345 |     0.00 | 1234.00 | 0.0026700 |   597  | -3567.00 | 0.0048500 |   382  | Correct
 345 |     0.00 | 1234.00 | 0.0026700 |   597  | -6534.00 | 0.0009000 |   230  | Correct
 345 |     0.00 | 1234.00 | 0.0026700 |   597  | -6534.00 | 0.0009000 |   401  | Correct
 345 |     0.00 | 1234.00 | 0.0026700 |   597  | -6534.00 | 0.0046900 |   230  | Correct
 345 |     0.00 | 1234.00 | 0.0026700 |   597  | -6534.00 | 0.0046900 |   381  | Correct
 345 |     0.00 | 1234.00 | 0.0026700 |   594  | -3567.00 | 0.0003600 |   223  | Correct
 345 |     0.00 | 1234.00 | 0.0026700 |   594  | -3567.00 | 0.0003600 |   409  | Correct
 345 |     0.00 | 1234.00 | 0.0026700 |   594  | -3567.00 | 0.0043300 |   208  | Correct
 345 |     0.00 | 1234.00 | 0.0026700 |   594  | -3567.00 | 0.0043300 |   396  | Correct
 345 |     0.00 | 1234.00 | 0.0026700 |   594  | -6534.00 | 0.0008500 |   230  | Correct
 345 |     0.00 | 1234.00 | 0.0026700 |   594  | -6534.00 | 0.0008500 |   390  | Correct
 345 |     0.00 | 1234.00 | 0.0026700 |   594  | -6534.00 | 0.0048400 |   227  | Correct
 345 |     0.00 | 1234.00 | 0.0026700 |   594  | -6534.00 | 0.0048400 |   404  | Correct
 345 |     0.00 | 1234.00 | 0.0056700 |   597  | -3567.00 | 0.0001700 |   207  | Correct
 345 |     0.00 | 1234.00 | 0.0056700 |   597  | -3567.00 | 0.0001700 |   383  | Correct
 345 |     0.00 | 1234.00 | 0.0056700 |   597  | -3567.00 | 0.0047200 |   219  | Correct
 345 |     0.00 | 1234.00 | 0.0056700 |   597  | -3567.00 | 0.0047200 |   389  | Correct
 345 |     0.00 | 1234.00 | 0.0056700 |   597  | -6534.00 | 0.0001200 |   225  | Correct
 345 |     0.00 | 1234.00 | 0.0056700 |   597  | -6534.00 | 0.0001200 |   386  | Correct
 345 |     0.00 | 1234.00 | 0.0056700 |   597  | -6534.00 | 0.0049300 |   204  | Correct
 345 |     0.00 | 1234.00 | 0.0056700 |   597  | -6534.00 | 0.0049300 |   408  | Correct
 345 |     0.00 | 1234.00 | 0.0056700 |   599  | -3567.00 | 0.0007400 |   214  | Correct
 345 |     0.00 | 1234.00 | 0.0056700 |   599  | -3567.00 | 0.0007400 |   403  | Correct
 345 |     0.00 | 1234.00 | 0.0056700 |   599  | -3567.00 | 0.0042100 |   219  | Correct
 345 |     0.00 | 1234.00 | 0.0056700 |   599  | -3567.00 | 0.0042100 |   371  | Correct
 345 |     0.00 | 1234.00 | 0.0056700 |   599  | -6534.00 | 0.0008300 |   211  | Correct
 345 |     0.00 | 1234.00 | 0.0056700 |   599  | -6534.00 | 0.0008300 |   409  | Correct
 345 |     0.00 | 1234.00 | 0.0056700 |   599  | -6534.00 | 0.0045700 |   224  | Correct
 345 |     0.00 | 1234.00 | 0.0056700 |   599  | -6534.00 | 0.0045700 |   397  | Correct
 345 |     0.00 | 3109.00 | 0.0026700 |   597  | -3567.00 | 0.0007300 |   224  | Correct
 345 |     0.00 | 3109.00 | 0.0026700 |   597  | -3567.00 | 0.0007300 |   389  | Correct
 345 |     0.00 | 3109.00 | 0.0026700 |   597  | -3567.00 | 0.0048500 |   231  | Correct
 345 |     0.00 | 3109.00 | 0.0026700 |   597  | -3567.00 | 0.0048500 |   390  | Correct
 345 |     0.00 | 3109.00 | 0.0026700 |   597  | -6534.00 | 0.0006000 |   206  | Correct
 345 |     0.00 | 3109.00 | 0.0026700 |   597  | -6534.00 | 0.0006000 |   378  | Correct
 345 |     0.00 | 3109.00 | 0.0026700 |   597  | -6534.00 | 0.0049500 |   219  | Correct
 345 |     0.00 | 3109.00 | 0.0026700 |   597  | -6534.00 | 0.0049500 |   385  | Correct
 345 |     0.00 | 3109.00 | 0.0026700 |   603  | -3567.00 | 0.0006700 |   222  | Correct
 345 |     0.00 | 3109.00 | 0.0026700 |   603  | -3567.00 | 0.0006700 |   376  | Correct
 345 |     0.00 | 3109.00 | 0.0026700 |   603  | -3567.00 | 0.0048400 |   220  | Correct
 345 |     0.00 | 3109.00 | 0.0026700 |   603  | -3567.00 | 0.0048400 |   372  | Correct
 345 |     0.00 | 3109.00 | 0.0026700 |   603  | -6534.00 | 0.0000800 |   232  | Correct
 345 |     0.00 | 3109.00 | 0.0026700 |   603  | -6534.00 | 0.0000800 |   398  | Correct
 345 |     0.00 | 3109.00 | 0.0026700 |   603  | -6534.00 | 0.0045400 |   228  | Correct
 345 |     0.00 | 3109.00 | 0.0026700 |   603  | -6534.00 | 0.0045400 |   401  | Correct
 345 |     0.00 | 3109.00 | 0.0056700 |   597  | -3567.00 | 0.0001800 |   216  | Correct
 345 |     0.00 | 3109.00 | 0.0056700 |   597  | -3567.00 | 0.0001800 |   401  | Correct
 345 |     0.00 | 3109.00 | 0.0056700 |   597  | -3567.00 | 0.0041900 |   223  | Correct
 345 |     0.00 | 3109.00 | 0.0056700 |   597  | -3567.00 | 0.0041900 |   392  | Correct
 345 |     0.00 | 3109.00 | 0.0056700 |   597  | -6534.00 | 0.0007600 |   228  | Correct
 345 |     0.00 | 3109.00 | 0.0056700 |   597  | -6534.00 | 0.0007600 |   390  | Correct
 345 |     0.00 | 3109.00 | 0.0056700 |   597  | -6534.00 | 0.0046200 |   215  | Correct
 345 |     0.00 | 3109.00 | 0.0056700 |   597  | -6534.00 | 0.0046200 |   375  | Correct
 345 |     0.00 | 3109.00 | 0.0056700 |   590  | -3567.00 | 0.0003900 |   229  | Correct
 345 |     0.00 | 3109.00 | 0.0056700 |   590  | -3567.00 | 0.0003900 |   393  | Correct
 345 |     0.00 | 3109.00 | 0.0056700 |   590  | -3567.00 | 0.0040500 |   226  | Correct
 345 |     0.00 | 3109.00 | 0.0056700 |   590  | -3567.00 | 0.0040500 |   375  | Correct
 345 |     0.00 | 3109.00 | 0.0056700 |   590  | -6534.00 | 0.0006600 |   207  | Correct
 345 |     0.00 | 3109.00 | 0.0056700 |   590  | -6534.00 | 0.0006600 |   396  | Correct
 345 |     0.00 | 3109.00 | 0.0056700 |   590  | -6534.00 | 0.0044900 |   213  | Correct
 345 |     0.00 | 3109.00 | 0.0056700 |   590  | -6534.00 | 0.0044900 |   384  | Correct
 345 | 10346.35 | 1234.00 | 0.0026700 |   597  | -3567.00 | 0.0004000 |   206  | Correct
 345 | 10346.35 | 1234.00 | 0.0026700 |   597  | -3567.00 | 0.0004000 |   409  | Correct
 345 | 10346.35 | 1234.00 | 0.0026700 |   597  | -3567.00 | 0.0046500 |   212  | Correct
 345 | 10346.35 | 1234.00 | 0.0026700 |   597  | -3567.00 | 0.0046500 |   378  | Correct
 345 | 10346.35 | 1234.00 | 0.0026700 |   597  | -6534.00 | 0.0000300 |   208  | Correct
 345 | 10346.35 | 1234.00 | 0.0026700 |   597  | -6534.00 | 0.0000300 |   374  | Correct
 345 | 10346.35 | 1234.00 | 0.0026700 |   597  | -6534.00 | 0.0045900 |   212  | Correct
 345 | 10346.35 | 1234.00 | 0.0026700 |   597  | -6534.00 | 0.0045900 |   408  | Correct
 345 | 10346.35 | 1234.00 | 0.0026700 |   598  | -3567.00 | 0.0008300 |   215  | Correct
 345 | 10346.35 | 1234.00 | 0.0026700 |   598  | -3567.00 | 0.0008300 |   383  | Correct
 345 | 10346.35 | 1234.00 | 0.0026700 |   598  | -3567.00 | 0.0045000 |   218  | Correct
 345 | 10346.35 | 1234.00 | 0.0026700 |   598  | -3567.00 | 0.0045000 |   380  | Correct
 345 | 10346.35 | 1234.00 | 0.0026700 |   598  | -6534.00 | 0.0004200 |   227  | Correct
 345 | 10346.35 | 1234.00 | 0.0026700 |   598  | -6534.00 | 0.0004200 |   386  | Correct
 345 | 10346.35 | 1234.00 | 0.0026700 |   598  | -6534.00 | 0.0049000 |   222  | Correct
 345 | 10346.35 | 1234.00 | 0.0026700 |   598  | -6534.00 | 0.0049000 |   395  | Correct
 345 | 10346.35 | 1234.00 | 0.0056700 |   597  | -3567.00 | 0.0009100 |   209  | Correct
 345 | 10346.35 | 1234.00 | 0.0056700 |   597  | -3567.00 | 0.0009100 |   393  | Correct
 345 | 10346.35 | 1234.00 | 0.0056700 |   597  | -3567.00 | 0.0047200 |   210  | Correct
 345 | 10346.35 | 1234.00 | 0.0056700 |   597  | -3567.00 | 0.0047200 |   373  | Correct
 345 | 10346.35 | 1234.00 | 0.0056700 |   597  | -6534.00 | 0.0004300 |   205  | Correct
 345 | 10346.35 | 1234.00 | 0.0056700 |   597  | -6534.00 | 0.0004300 |   390  | Correct
 345 | 10346.35 | 1234.00 | 0.0056700 |   597  | -6534.00 | 0.0043400 |   218  | Correct
 345 | 10346.35 | 1234.00 | 0.0056700 |   597  | -6534.00 | 0.0043400 |   380  | Correct
 345 | 10346.35 | 1234.00 | 0.0056700 |   599  | -3567.00 | 0.0003000 |   232  | Correct
 345 | 10346.35 | 1234.00 | 0.0056700 |   599  | -3567.00 | 0.0003000 |   370  | Correct
 345 | 10346.35 | 1234.00 | 0.0056700 |   599  | -3567.00 | 0.0047400 |   215  | Correct
 345 | 10346.35 | 1234.00 | 0.0056700 |   599  | -3567.00 | 0.0047400 |   400  | Correct
 345 | 10346.35 | 1234.00 | 0.0056700 |   599  | -6534.00 | 0.0009400 |   206  | Correct
 345 | 10346.35 | 1234.00 | 0.0056700 |   599  | -6534.00 | 0.0009400 |   378  | Correct
 345 | 10346.35 | 1234.00 | 0.0056700 |   599  | -6534.00 | 0.0042900 |   215  | Correct
 345 | 10346.35 | 1234.00 | 0.0056700 |   599  | -6534.00 | 0.0042900 |   390  | Correct
 345 | 10346.35 | 2785.00 | 0.0026700 |   597  | -3567.00 | 0.0001200 |   229  | Correct
 345 | 10346.35 | 2785.00 | 0.0026700 |   597  | -3567.00 | 0.0001200 |   398  | Correct
 345 | 10346.35 | 2785.00 | 0.0026700 |   597  | -3567.00 | 0.0049000 |   228  | Correct
 345 | 10346.35 | 2785.00 | 0.0026700 |   597  | -3567.00 | 0.0049000 |   375  | Correct
 345 | 10346.35 | 2785.00 | 0.0026700 |   597  | -6534.00 | 0.0007800 |   206  | Correct
 345 | 10346.35 | 2785.00 | 0.0026700 |   597  | -6534.00 | 0.0007800 |   372  | Correct
 345 | 10346.35 | 2785.00 | 0.0026700 |   597  | -6534.00 | 0.0047900 |   227  | Correct
 345 | 10346.35 | 2785.00 | 0.0026700 |   597  | -6534.00 | 0.0047900 |   374  | Correct
 345 | 10346.35 | 2785.00 | 0.0026700 |   602  | -3567.00 | 0.0007100 |   230  | Correct
 345 | 10346.35 | 2785.00 | 0.0026700 |   602  | -3567.00 | 0.0007100 |   406  | Correct
 345 | 10346.35 | 2785.00 | 0.0026700 |   602  | -3567.00 | 0.0041800 |   207  | Correct
 345 | 10346.35 | 2785.00 | 0.0026700 |   602  | -3567.00 | 0.0041800 |   406  | Correct
 345 | 10346.35 | 2785.00 | 0.0026700 |   602  | -6534.00 | 0.0005100 |   230  | Correct
 345 | 10346.35 | 2785.00 | 0.0026700 |   602  | -6534.00 | 0.0005100 |   372  | Correct
 345 | 10346.35 | 2785.00 | 0.0026700 |   602  | -6534.00 | 0.0043500 |   225  | Correct
 345 | 10346.35 | 2785.00 | 0.0026700 |   602  | -6534.00 | 0.0043500 |   380  | Correct
 345 | 10346.35 | 2785.00 | 0.0056700 |   597  | -3567.00 | 0.0004800 |   212  | Correct
 345 | 10346.35 | 2785.00 | 0.0056700 |   597  | -3567.00 | 0.0004800 |   400  | Correct
 345 | 10346.35 | 2785.00 | 0.0056700 |   597  | -3567.00 | 0.0043900 |   205  | Correct
 345 | 10346.35 | 2785.00 | 0.0056700 |   597  | -3567.00 | 0.0043900 |   385  | Correct
 345 | 10346.35 | 2785.00 | 0.0056700 |   597  | -6534.00 | 0.0000500 |   225  | Correct
 345 | 10346.35 | 2785.00 | 0.0056700 |   597  | -6534.00 | 0.0000500 |   376  | Correct
 345 | 10346.35 | 2785.00 | 0.0056700 |   597  | -6534.00 | 0.0044600 |   221  | Correct
 345 | 10346.35 | 2785.00 | 0.0056700 |   597  | -6534.00 | 0.0044600 |   406  | Correct
 345 | 10346.35 | 2785.00 | 0.0056700 |   602  | -3567.00 | 0.0001100 |   225  | Correct
 345 | 10346.35 | 2785.00 | 0.0056700 |   602  | -3567.00 | 0.0001100 |   385  | Correct
 345 | 10346.35 | 2785.00 | 0.0056700 |   602  | -3567.00 | 0.0042300 |   221  | Correct
 345 | 10346.35 | 2785.00 | 0.0056700 |   602  | -3567.00 | 0.0042300 |   379  | Correct
 345 | 10346.35 | 2785.00 | 0.0056700 |   602  | -6534.00 | 0.0006800 |   215  | Correct
 345 | 10346.35 | 2785.00 | 0.0056700 |   602  | -6534.00 | 0.0006800 |   381  | Correct
 345 | 10346.35 | 2785.00 | 0.0056700 |   602  | -6534.00 | 0.0047700 |   231  | Correct
 345 | 10346.35 | 2785.00 | 0.0056700 |   602  | -6534.00 | 0.0047700 |   400  | Correct

Overall Grade: A
